0.000000000000000000e+00	0.000000000000000000e+00
2.999999999999999889e-02	-2.521909980787141459e-01
5.999999999999999778e-02	-3.000227183240957163e-01
8.999999999999999667e-02	-1.230648822430006617e-01
1.199999999999999956e-01	1.116003771603407829e-01
1.499999999999999944e-01	2.169694953250394520e-01
1.799999999999999933e-01	1.505707119050447573e-01
2.099999999999999922e-01	1.764789196598865254e-02
2.399999999999999911e-01	-6.139602988177779441e-02
2.700000000000000178e-01	-6.353266510837132786e-02
2.999999999999999889e-01	-4.814209226444100820e-02
3.299999999999999600e-01	-5.788168675039641331e-02
3.599999999999999867e-01	-6.602113729721580115e-02
3.900000000000000133e-01	-2.273803294148743839e-02
4.199999999999999845e-01	6.712041878781579984e-02
4.499999999999999556e-01	1.340546982347353422e-01
4.799999999999999822e-01	1.143486439204341593e-01
5.100000000000000089e-01	1.605185351526376702e-02
5.400000000000000355e-01	-8.881215054876484549e-02
5.699999999999999512e-01	-1.321167657841468557e-01
5.999999999999999778e-01	-1.008145471332785592e-01
6.300000000000000044e-01	-2.776199474740804682e-02
6.599999999999999201e-01	4.750768837363782138e-02
6.899999999999999467e-01	1.006753485669183434e-01
7.199999999999999734e-01	1.148526809839441748e-01
7.500000000000000000e-01	7.675920454090101597e-02
7.800000000000000266e-01	-6.642138971481931047e-03
8.099999999999999423e-01	-9.569169587038910130e-02
8.399999999999999689e-01	-1.367418907371970027e-01
8.699999999999999956e-01	-1.040463230107012693e-01
8.999999999999999112e-01	-1.885041288428328243e-02
9.299999999999999378e-01	7.212244881431117971e-02
9.599999999999999645e-01	1.307762913760027179e-01
9.899999999999999911e-01	1.381288303272875106e-01
1.020000000000000018e+00	8.282067621501328081e-02
1.050000000000000044e+00	-3.279375067421861495e-02
1.080000000000000071e+00	-1.649195015542990195e-01
1.109999999999999876e+00	-2.239194510723398757e-01
1.139999999999999902e+00	-1.347497402359096319e-01
1.169999999999999929e+00	7.435973175887156117e-02
1.199999999999999956e+00	2.582264292575622844e-01
1.229999999999999982e+00	2.614982324310196615e-01
1.260000000000000009e+00	6.543705291274122537e-02
1.290000000000000036e+00	-1.761391839261703118e-01
1.319999999999999840e+00	-2.672008697319244175e-01
1.349999999999999867e+00	-1.476097351060663976e-01
1.379999999999999893e+00	5.630175190603760316e-02
1.409999999999999920e+00	1.632201789054013030e-01
1.439999999999999947e+00	1.118117195664768970e-01
1.469999999999999973e+00	7.720411071604070703e-05
1.500000000000000000e+00	-4.065958001606231886e-02
1.530000000000000027e+00	8.147213220506389561e-03
1.560000000000000053e+00	4.831206591491120361e-02
1.589999999999999858e+00	-4.914391576532338088e-03
1.619999999999999885e+00	-1.127466580459280526e-01
1.649999999999999911e+00	-1.503911815705738508e-01
1.679999999999999938e+00	-4.942977117750378679e-02
1.709999999999999964e+00	1.182707672823967576e-01
1.739999999999999991e+00	2.061513621971030330e-01
1.770000000000000018e+00	1.376330582447700679e-01
1.799999999999999822e+00	-2.498644414552060253e-02
1.829999999999999849e+00	-1.506530925552252709e-01
1.859999999999999876e+00	-1.616764865531895301e-01
1.889999999999999902e+00	-8.367629829759605509e-02
1.919999999999999929e+00	1.008569063004302255e-02
1.949999999999999956e+00	7.515286419815532526e-02
1.979999999999999982e+00	1.100746029330920694e-01
2.009999999999999787e+00	1.163931781513877356e-01
2.040000000000000036e+00	7.480283173219852422e-02
2.069999999999999840e+00	-2.303936850265511649e-02
2.100000000000000089e+00	-1.349239793976984014e-01
2.129999999999999893e+00	-1.819561322951019078e-01
2.160000000000000142e+00	-1.152724974576821437e-01
2.189999999999999947e+00	3.188432092396169953e-02
2.219999999999999751e+00	1.647372659490515812e-01
2.250000000000000000e+00	1.982151904836596534e-01
2.279999999999999805e+00	1.152380629559985881e-01
2.310000000000000053e+00	-3.170346057138844625e-02
2.339999999999999858e+00	-1.600355345732588919e-01
2.370000000000000107e+00	-1.995925391213605182e-01
2.399999999999999911e+00	-1.245654245377580821e-01
2.429999999999999716e+00	2.893239823987921525e-02
2.459999999999999964e+00	1.693757226385522174e-01
2.489999999999999769e+00	2.002212484347176968e-01
2.520000000000000018e+00	9.539572709124054251e-02
2.549999999999999822e+00	-6.707988336494054293e-02
2.580000000000000071e+00	-1.606311561001298460e-01
2.609999999999999876e+00	-1.217023328650362751e-01
2.639999999999999680e+00	-7.775795220173352916e-03
2.669999999999999929e+00	6.401220743335202246e-02
2.699999999999999734e+00	3.966270484736841156e-02
2.729999999999999982e+00	-1.799360879439718466e-02
2.759999999999999787e+00	-9.999698674125137229e-03
2.790000000000000036e+00	7.382952869381849414e-02
2.819999999999999840e+00	1.298648686836388899e-01
2.850000000000000089e+00	5.540347020724380178e-02
2.879999999999999893e+00	-1.190453011800881450e-01
2.909999999999999698e+00	-2.366050319104258393e-01
2.939999999999999947e+00	-1.658423518539777486e-01
2.969999999999999751e+00	5.578871686298209065e-02
3.000000000000000000e+00	2.447594328215602077e-01
3.029999999999999805e+00	2.430597522975854186e-01
3.060000000000000053e+00	6.309475127700134300e-02
3.089999999999999858e+00	-1.357983953697839974e-01
3.120000000000000107e+00	-2.060469511626867589e-01
3.149999999999999911e+00	-1.343878567199757734e-01
3.179999999999999716e+00	-1.684222499914966517e-02
3.209999999999999964e+00	5.971034569757179000e-02
3.239999999999999769e+00	8.907264940313705526e-02
3.270000000000000018e+00	1.047479687993334574e-01
3.299999999999999822e+00	1.052734765390561517e-01
3.330000000000000071e+00	4.990678388422038064e-02
3.359999999999999876e+00	-6.985526677530319584e-02
3.389999999999999680e+00	-1.816758009027847898e-01
3.419999999999999929e+00	-1.841181766135782938e-01
3.449999999999999734e+00	-5.044938723920118495e-02
3.479999999999999982e+00	1.284060257252289672e-01
3.509999999999999787e+00	2.173217616878806990e-01
3.540000000000000036e+00	1.548987636960772185e-01
3.569999999999999840e+00	-5.251917246997807017e-04
3.599999999999999645e+00	-1.314140828361845537e-01
3.629999999999999893e+00	-1.610060707155848703e-01
3.659999999999999698e+00	-9.713390663007048786e-02
3.689999999999999947e+00	-5.680442357364685110e-04
3.719999999999999751e+00	7.150189749806276640e-02
3.750000000000000000e+00	9.509656409871762583e-02
3.779999999999999805e+00	7.435975954082144068e-02
3.810000000000000053e+00	2.944636549721758520e-02
3.839999999999999858e+00	-1.409933706025954386e-02
3.869999999999999662e+00	-3.862629620963368982e-02
3.899999999999999911e+00	-4.666025136029583464e-02
3.929999999999999716e+00	-5.487376053461592851e-02
3.959999999999999964e+00	-6.462847138972460659e-02
3.989999999999999769e+00	-4.667442690068152045e-02
4.019999999999999574e+00	2.868889760359303459e-02
4.049999999999999822e+00	1.361423429669390006e-01
4.080000000000000071e+00	1.852282106677025642e-01
4.109999999999999432e+00	9.604987643962550892e-02
4.139999999999999680e+00	-1.026194838800956743e-01
4.169999999999999929e+00	-2.628372954006342188e-01
4.200000000000000178e+00	-2.363577390463966477e-01
4.229999999999999538e+00	-2.102784612140557244e-02
4.259999999999999787e+00	2.177786365236582256e-01
4.290000000000000036e+00	2.872046780510306152e-01
4.320000000000000284e+00	1.416173616287084713e-01
4.349999999999999645e+00	-8.302220629033819910e-02
4.379999999999999893e+00	-2.051508200445301411e-01
4.410000000000000142e+00	-1.619451304279286574e-01
4.439999999999999503e+00	-3.965182893075783199e-02
4.469999999999999751e+00	4.393746279872102339e-02
4.500000000000000000e+00	5.915238392262495148e-02
4.530000000000000249e+00	6.091141328544419364e-02
4.559999999999999609e+00	8.699160306602071735e-02
4.589999999999999858e+00	9.605432223097440381e-02
4.620000000000000107e+00	2.546126918701396846e-02
4.649999999999999467e+00	-1.079849840805720967e-01
4.679999999999999716e+00	-1.948398376909176444e-01
4.709999999999999964e+00	-1.395470163871448122e-01
4.740000000000000213e+00	2.973295177485753629e-02
4.769999999999999574e+00	1.758783745967192613e-01
4.799999999999999822e+00	1.817391544844136064e-01
4.830000000000000071e+00	5.984500669029974018e-02
4.859999999999999432e+00	-7.225999215343702209e-02
4.889999999999999680e+00	-1.144893760810187927e-01
4.919999999999999929e+00	-7.086152958989895556e-02
4.950000000000000178e+00	-1.818688932512483106e-02
4.979999999999999538e+00	-6.846402955127880996e-03
5.009999999999999787e+00	-1.305396176306879673e-02
5.040000000000000036e+00	1.470481166083224302e-02
5.069999999999999396e+00	7.917665582653232725e-02
5.099999999999999645e+00	1.205191746275520032e-01
5.129999999999999893e+00	7.952285702742030449e-02
5.160000000000000142e+00	-3.639535122134923695e-02
5.189999999999999503e+00	-1.509067310578096899e-01
5.219999999999999751e+00	-1.800196945070021981e-01
5.250000000000000000e+00	-9.539892770107288866e-02
5.279999999999999361e+00	5.822159870146998567e-02
5.309999999999999609e+00	1.907800623646210281e-01
5.339999999999999858e+00	2.175541813887424958e-01
5.370000000000000107e+00	1.079160701814580736e-01
5.399999999999999467e+00	-8.434058136700640917e-02
5.429999999999999716e+00	-2.375964971902710943e-01
5.459999999999999964e+00	-2.382680019464311905e-01
5.490000000000000213e+00	-7.286965342512638499e-02
5.519999999999999574e+00	1.431337782920349133e-01
5.549999999999999822e+00	2.485676584419315993e-01
5.580000000000000071e+00	1.709716052662792474e-01
5.609999999999999432e+00	-1.129126679307728039e-02
5.639999999999999680e+00	-1.444550675388496241e-01
5.669999999999999929e+00	-1.427849759434798027e-01
5.700000000000000178e+00	-5.367376842266546877e-02
5.729999999999999538e+00	1.450881494471451851e-02
5.759999999999999787e+00	1.623313305458487163e-02
5.790000000000000036e+00	4.198362704316215346e-03
5.819999999999999396e+00	4.232542164719935163e-02
5.849999999999999645e+00	1.094285116301498134e-01
5.879999999999999893e+00	1.129835406282495985e-01
5.910000000000000142e+00	4.149558969352576746e-03
5.939999999999999503e+00	-1.439798338313063586e-01
5.969999999999999751e+00	-1.959873476170011231e-01
6.000000000000000000e+00	-9.344479091652672931e-02
6.029999999999999361e+00	7.772375956059736357e-02
6.059999999999999609e+00	1.718397654418593046e-01
6.089999999999999858e+00	1.269684917472961583e-01
6.120000000000000107e+00	1.354077084745607465e-02
6.149999999999999467e+00	-5.675087206586686833e-02
6.179999999999999716e+00	-5.216283454206979697e-02
6.209999999999999964e+00	-3.339824374358292547e-02
6.240000000000000213e+00	-5.664201657059877298e-02
6.269999999999999574e+00	-9.076151614357885755e-02
6.299999999999999822e+00	-5.348681144219129269e-02
6.330000000000000071e+00	7.451845738064470648e-02
6.359999999999999432e+00	1.983500146699216926e-01
6.389999999999999680e+00	1.894911938299262688e-01
6.419999999999999929e+00	2.159029365986313287e-02
6.450000000000000178e+00	-1.861691787716777680e-01
6.479999999999999538e+00	-2.685575469343021160e-01
6.509999999999999787e+00	-1.589192351414142612e-01
6.540000000000000036e+00	5.703414863154353948e-02
6.569999999999999396e+00	2.215750440123434584e-01
6.599999999999999645e+00	2.312502274274643999e-01
6.629999999999999893e+00	1.000571320901585959e-01
6.660000000000000142e+00	-7.325819929336564729e-02
6.689999999999999503e+00	-1.839909483658713485e-01
6.719999999999999751e+00	-1.793685960563719817e-01
6.750000000000000000e+00	-7.590753196271823877e-02
6.779999999999999361e+00	5.775761570350596702e-02
6.809999999999999609e+00	1.404724956962322135e-01
6.839999999999999858e+00	1.280741027413593025e-01
6.870000000000000107e+00	4.504643919855758072e-02
6.899999999999999467e+00	-3.717618674441008908e-02
6.929999999999999716e+00	-6.352270648165204980e-02
6.959999999999999964e+00	-4.344360936282351537e-02
6.989999999999999325e+00	-2.966666195948173407e-02
7.019999999999999574e+00	-4.713837472259044259e-02
7.049999999999999822e+00	-5.693425638637589214e-02
7.080000000000000071e+00	-3.174581320499392754e-03
7.109999999999999432e+00	1.032405224206268540e-01
7.139999999999999680e+00	1.694396645443830562e-01
7.169999999999999929e+00	1.084941472270365692e-01
7.199999999999999289e+00	-5.765320074017063479e-02
7.229999999999999538e+00	-1.977715273219607384e-01
7.259999999999999787e+00	-1.909735432060234717e-01
7.290000000000000036e+00	-4.438100049688224052e-02
7.319999999999999396e+00	1.150652872131148613e-01
7.349999999999999645e+00	1.662516585668033231e-01
7.379999999999999893e+00	1.030787390770225992e-01
7.410000000000000142e+00	1.340699793341185164e-02
7.439999999999999503e+00	-3.209964255626388679e-02
7.469999999999999751e+00	-4.778565451200556674e-02
7.500000000000000000e+00	-8.265139968253361336e-02
7.529999999999999361e+00	-1.262838814545271526e-01
7.559999999999999609e+00	-1.021128839302506419e-01
7.589999999999999858e+00	3.331026712519304794e-02
7.620000000000000107e+00	2.015847729006335354e-01
7.649999999999999467e+00	2.490296780116154074e-01
7.679999999999999716e+00	9.947147386692323234e-02
7.709999999999999964e+00	-1.481571013922225177e-01
7.739999999999999325e+00	-2.925029472585023438e-01
7.769999999999999574e+00	-2.136767583843839913e-01
7.799999999999999822e+00	1.691481351128194810e-02
7.830000000000000071e+00	2.075594755339014996e-01
7.859999999999999432e+00	2.221114618649034644e-01
7.889999999999999680e+00	8.692027559976747697e-02
7.919999999999999929e+00	-6.332058503250863335e-02
7.949999999999999289e+00	-1.218803001784697915e-01
7.979999999999999538e+00	-8.886730145117921476e-02
8.009999999999999787e+00	-3.304179586457497292e-02
8.039999999999999147e+00	-4.280702302700148745e-03
8.070000000000000284e+00	3.816479887201692546e-03
8.099999999999999645e+00	2.177215736175057426e-02
8.129999999999999005e+00	5.552004634843527020e-02
8.160000000000000142e+00	7.905600700537859793e-02
8.189999999999999503e+00	6.382132614490244882e-02
8.219999999999998863e+00	5.417027562592507776e-03
8.250000000000000000e+00	-7.206105523627426290e-02
8.279999999999999361e+00	-1.283777066978565307e-01
8.310000000000000497e+00	-1.224509877195242569e-01
8.339999999999999858e+00	-3.659278602622163118e-02
8.369999999999999218e+00	9.619884730950974128e-02
8.400000000000000355e+00	1.927182867711080549e-01
8.429999999999999716e+00	1.703840982295174722e-01
8.459999999999999076e+00	2.356755969926307287e-02
8.490000000000000213e+00	-1.515665321110849506e-01
8.519999999999999574e+00	-2.246235322309436677e-01
8.549999999999998934e+00	-1.416022773475037466e-01
8.580000000000000071e+00	2.648497831227118737e-02
8.609999999999999432e+00	1.509146845644855905e-01
8.640000000000000568e+00	1.594009770398255588e-01
8.669999999999999929e+00	8.414199627593112185e-02
8.699999999999999289e+00	2.641347859438742014e-03
8.730000000000000426e+00	-4.942694026463364393e-02
8.759999999999999787e+00	-9.015885192810288440e-02
8.789999999999999147e+00	-1.285696046039331297e-01
8.820000000000000284e+00	-1.204606845092862505e-01
8.849999999999999645e+00	-1.744501645737695991e-02
8.879999999999999005e+00	1.445669517679646632e-01
8.910000000000000142e+00	2.386795132516550122e-01
8.939999999999999503e+00	1.586463913841480999e-01
8.969999999999998863e+00	-5.706084753505365204e-02
9.000000000000000000e+00	-2.364459375755896542e-01
9.029999999999999361e+00	-2.280068934627270949e-01
9.060000000000000497e+00	-4.712086459829412793e-02
9.089999999999999858e+00	1.393302051991562596e-01
9.119999999999999218e+00	1.786635599243919514e-01
9.150000000000000355e+00	7.348172206775341331e-02
9.179999999999999716e+00	-4.258959633159366265e-02
9.209999999999999076e+00	-5.875901740413246033e-02
9.240000000000000213e+00	2.208226239153283747e-03
9.269999999999999574e+00	3.120092787551690186e-02
9.299999999999998934e+00	-2.924252800436524108e-02
9.330000000000000071e+00	-1.139964368021703228e-01
9.359999999999999432e+00	-1.099971374848646433e-01
9.389999999999998792e+00	1.296556547127859262e-02
9.419999999999999929e+00	1.602302900533706942e-01
9.449999999999999289e+00	2.004790375294593086e-01
9.480000000000000426e+00	9.074524548457481299e-02
9.509999999999999787e+00	-8.820968939657779229e-02
9.539999999999999147e+00	-2.067389244397872805e-01
9.570000000000000284e+00	-1.899479375082059884e-01
9.599999999999999645e+00	-6.029932139164628779e-02
9.629999999999999005e+00	9.692387574545513473e-02
9.660000000000000142e+00	1.932318066816756941e-01
9.689999999999999503e+00	1.802369432714309161e-01
9.719999999999998863e+00	6.645225054809468512e-02
9.750000000000000000e+00	-8.548228924582063071e-02
9.779999999999999361e+00	-1.860105934450552445e-01
9.810000000000000497e+00	-1.729406175037842552e-01
9.839999999999999858e+00	-5.772589445565779603e-02
9.869999999999999218e+00	7.896821715237077599e-02
9.900000000000000355e+00	1.503036557049677591e-01
9.929999999999999716e+00	1.293240016636607037e-01
9.959999999999999076e+00	5.460828321402112773e-02
9.990000000000000213e+00	-2.075588037475552261e-02
1.001999999999999957e+01	-7.607447657815548381e-02
1.004999999999999893e+01	-1.131702556216754862e-01
1.008000000000000007e+01	-1.178750517398830522e-01
1.010999999999999943e+01	-5.913030465982960920e-02
1.013999999999999879e+01	6.105971976774358240e-02
1.016999999999999993e+01	1.703775820398877316e-01
1.019999999999999929e+01	1.723118830977506399e-01
1.023000000000000043e+01	4.443143933475673241e-02
1.025999999999999979e+01	-1.185859880933926719e-01
1.028999999999999915e+01	-1.820520417560674287e-01
1.032000000000000028e+01	-1.020077795445123447e-01
1.034999999999999964e+01	3.231446235842399400e-02
1.037999999999999901e+01	9.381056207845496486e-02
1.041000000000000014e+01	5.118407546319161255e-02
1.043999999999999950e+01	-8.392278703982019791e-03
1.046999999999999886e+01	6.760856871762838984e-03
1.050000000000000000e+01	7.657258139318091905e-02
1.052999999999999936e+01	8.774233640478325269e-02
1.055999999999999872e+01	-2.560775308068862638e-02
1.058999999999999986e+01	-1.821654035419340012e-01
1.061999999999999922e+01	-2.186722769392500654e-01
1.065000000000000036e+01	-6.120890574137329010e-02
1.067999999999999972e+01	1.788195762581752668e-01
1.070999999999999908e+01	2.969337737037952007e-01
1.074000000000000021e+01	1.862863970654237422e-01
1.076999999999999957e+01	-6.289866109809347239e-02
1.079999999999999893e+01	-2.501362818686806433e-01
1.083000000000000007e+01	-2.447704358591910045e-01
1.085999999999999943e+01	-8.172443613261823336e-02
1.088999999999999879e+01	9.786091217155509780e-02
1.091999999999999993e+01	1.798377560950796539e-01
1.094999999999999929e+01	1.496710333092864387e-01
1.098000000000000043e+01	6.130183482631364200e-02
1.100999999999999979e+01	-3.009500113255660775e-02
1.103999999999999915e+01	-9.748665135084390310e-02
1.107000000000000028e+01	-1.255955084461372884e-01
1.109999999999999964e+01	-9.975254227262811413e-02
1.112999999999999901e+01	-2.299672576460586385e-02
1.116000000000000014e+01	6.819140767861922581e-02
1.118999999999999950e+01	1.211914320829766828e-01
1.121999999999999886e+01	1.083600940054330053e-01
1.125000000000000000e+01	4.500780468301482373e-02
1.127999999999999936e+01	-3.084497296881572384e-02
1.130999999999999872e+01	-8.846763302973852106e-02
1.133999999999999986e+01	-1.119265240985823640e-01
1.136999999999999922e+01	-8.911768215907445168e-02
1.140000000000000036e+01	-1.670041130267673965e-02
1.142999999999999972e+01	7.891992002709112553e-02
1.145999999999999908e+01	1.391104346841391393e-01
1.149000000000000021e+01	1.141238212915912792e-01
1.151999999999999957e+01	1.579011631556461945e-02
1.154999999999999893e+01	-8.350941928212420040e-02
1.158000000000000007e+01	-1.145155257890768941e-01
1.160999999999999943e+01	-7.511274309497227575e-02
1.163999999999999879e+01	-2.098960267107843891e-02
1.166999999999999993e+01	6.470872090606067696e-03
1.169999999999999929e+01	2.513326013516707994e-02
1.173000000000000043e+01	7.323626173343823764e-02
1.175999999999999979e+01	1.323404676741052888e-01
1.178999999999999915e+01	1.209103453705080850e-01
1.182000000000000028e+01	-1.244819507089951413e-02
1.184999999999999964e+01	-1.966064169500416348e-01
1.187999999999999901e+01	-2.690048866514152537e-01
1.191000000000000014e+01	-1.295033995645672176e-01
1.193999999999999950e+01	1.379537031364976019e-01
1.196999999999999886e+01	3.166546210969095054e-01
1.200000000000000000e+01	2.510791331221473022e-01
1.202999999999999936e+01	-3.905472759945152490e-03
1.205999999999999872e+01	-2.333340607085997442e-01
1.208999999999999986e+01	-2.609478280484280321e-01
1.211999999999999922e+01	-1.004597780258724704e-01
1.215000000000000036e+01	8.416797087077276807e-02
1.217999999999999972e+01	1.505709251223071865e-01
1.220999999999999908e+01	9.683723910282908409e-02
1.224000000000000021e+01	2.247692846049146806e-02
1.226999999999999957e+01	-1.052312401484901657e-03
1.229999999999999893e+01	4.266755323283289575e-03
1.233000000000000007e+01	-2.092874750368225317e-02
1.235999999999999943e+01	-8.148598757004647808e-02
1.238999999999999879e+01	-1.135720382978617771e-01
1.241999999999999993e+01	-6.198369879085035422e-02
1.244999999999999929e+01	4.987362207038274070e-02
1.248000000000000043e+01	1.367157286153902473e-01
1.250999999999999979e+01	1.329628087334357167e-01
1.253999999999999915e+01	4.885046496855672410e-02
1.257000000000000028e+01	-5.185975604604611128e-02
1.259999999999999964e+01	-1.120635625703308297e-01
1.262999999999999901e+01	-1.151350358143102826e-01
1.266000000000000014e+01	-7.196797866818363532e-02
1.268999999999999950e+01	1.037782838858092261e-03
1.271999999999999886e+01	8.089235494241138469e-02
1.275000000000000000e+01	1.310459950114214733e-01
1.277999999999999936e+01	1.156082327963712658e-01
1.280999999999999872e+01	3.300285771448546734e-02
1.283999999999999986e+01	-7.193738317173220542e-02
1.286999999999999922e+01	-1.382906534100248330e-01
1.290000000000000036e+01	-1.324614104551536664e-01
1.292999999999999972e+01	-6.412136628098040469e-02
1.295999999999999908e+01	3.414626498566681462e-02
1.299000000000000021e+01	1.265697017149516601e-01
1.301999999999999957e+01	1.735459941795430838e-01
1.304999999999999893e+01	1.338329646997509226e-01
1.308000000000000007e+01	-2.930982338217951420e-03
1.310999999999999943e+01	-1.731887381400660786e-01
1.313999999999999879e+01	-2.545344071957547638e-01
1.316999999999999993e+01	-1.594051399720293472e-01
1.319999999999999929e+01	6.678171666582391475e-02
1.322999999999999865e+01	2.548980992153845326e-01
1.325999999999999979e+01	2.506424586897216811e-01
1.328999999999999915e+01	5.846581292703697391e-02
1.332000000000000028e+01	-1.551261394483242906e-01
1.334999999999999964e+01	-2.158260298703247593e-01
1.337999999999999901e+01	-1.024711550393556242e-01
1.341000000000000014e+01	4.903883237056434752e-02
1.343999999999999950e+01	9.616146062041311393e-02
1.346999999999999886e+01	3.304352858526624082e-02
1.350000000000000000e+01	-2.611318617832147221e-02
1.352999999999999936e+01	6.847665097914196024e-03
1.355999999999999872e+01	8.882569290494052305e-02
1.358999999999999986e+01	9.847864625882747636e-02
1.361999999999999922e+01	-1.466012858929696336e-02
1.365000000000000036e+01	-1.596782580344290325e-01
1.367999999999999972e+01	-1.921179911059703593e-01
1.370999999999999908e+01	-6.527282693596611618e-02
1.374000000000000021e+01	1.186906510113227564e-01
1.376999999999999957e+01	2.095066208642298033e-01
1.379999999999999893e+01	1.475121112624389330e-01
1.383000000000000007e+01	2.271286037387879649e-03
1.385999999999999943e+01	-1.124298691764315239e-01
1.388999999999999879e+01	-1.410136374875603782e-01
1.391999999999999993e+01	-1.041603070014339577e-01
1.394999999999999929e+01	-4.311655149775218271e-02
1.397999999999999865e+01	2.689973425974778731e-02
1.400999999999999979e+01	1.010746851416105124e-01
1.403999999999999915e+01	1.488666480797003477e-01
1.407000000000000028e+01	1.222888219152690470e-01
1.409999999999999964e+01	9.511859827423438038e-03
1.412999999999999901e+01	-1.293134616522109426e-01
1.416000000000000014e+01	-1.983296759102653739e-01
1.418999999999999950e+01	-1.436302666939979211e-01
1.421999999999999886e+01	1.334150132246942439e-03
1.425000000000000000e+01	1.431286552948837221e-01
1.427999999999999936e+01	1.978189504816776356e-01
1.430999999999999872e+01	1.394673892286793782e-01
1.433999999999999986e+01	4.872542245440892976e-03
1.436999999999999922e+01	-1.321499661394564817e-01
1.439999999999999858e+01	-1.947542610346106873e-01
1.442999999999999972e+01	-1.409847828091432553e-01
1.445999999999999908e+01	1.820120463678421771e-03
1.449000000000000021e+01	1.406471732424907362e-01
1.451999999999999957e+01	1.766490347842841202e-01
1.454999999999999893e+01	8.816707594548477134e-02
1.458000000000000007e+01	-4.376821052449638566e-02
1.460999999999999943e+01	-1.076976124570929727e-01
1.463999999999999879e+01	-6.806304237096794107e-02
1.466999999999999993e+01	3.431775818741374801e-03
1.469999999999999929e+01	1.379729974130292081e-02
1.472999999999999865e+01	-4.080249623343791543e-02
1.475999999999999979e+01	-6.767272278285606235e-02
1.478999999999999915e+01	1.009728974366636868e-02
1.482000000000000028e+01	1.443287832818113403e-01
1.484999999999999964e+01	1.920056066864352096e-01
1.487999999999999901e+01	6.590084032942021552e-02
1.491000000000000014e+01	-1.531114025760551278e-01
1.493999999999999950e+01	-2.745339922560285917e-01
1.496999999999999886e+01	-1.804729581202656197e-01
1.500000000000000000e+01	5.626077166916476635e-02
1.502999999999999936e+01	2.388724921938194801e-01
1.505999999999999872e+01	2.307475931870224539e-01
1.508999999999999986e+01	6.868071006449510962e-02
1.511999999999999922e+01	-9.774682765596463818e-02
1.514999999999999858e+01	-1.572010061699557759e-01
1.517999999999999972e+01	-1.182401503837515883e-01
1.520999999999999908e+01	-5.447811123621432855e-02
1.524000000000000021e+01	-5.318018656148342134e-03
1.526999999999999957e+01	4.718305508656705366e-02
1.529999999999999893e+01	1.150085371754615282e-01
1.533000000000000007e+01	1.519934931457358196e-01
1.535999999999999943e+01	9.419218300659910892e-02
1.538999999999999879e+01	-5.283495553970864178e-02
1.541999999999999993e+01	-1.887177712427725307e-01
1.544999999999999929e+01	-1.998127912941063955e-01
1.547999999999999865e+01	-6.889119812596329606e-02
1.550999999999999979e+01	1.045476564040119516e-01
1.553999999999999915e+01	1.923477875693136718e-01
1.557000000000000028e+01	1.461252671335211417e-01
1.559999999999999964e+01	2.228956611821444195e-02
1.562999999999999901e+01	-8.437368332639262614e-02
1.566000000000000014e+01	-1.190388756024187700e-01
1.568999999999999950e+01	-8.950646278014816326e-02
1.571999999999999886e+01	-3.296771829348500715e-02
1.575000000000000000e+01	1.977448831838936674e-02
1.577999999999999936e+01	5.376413149185722135e-02
1.580999999999999872e+01	6.461248524465620924e-02
1.583999999999999986e+01	5.547317667503149502e-02
1.586999999999999922e+01	3.605014189181480339e-02
1.589999999999999858e+01	1.105046098284434390e-02
1.592999999999999972e+01	-2.706068775329097814e-02
1.595999999999999908e+01	-8.184791407075225900e-02
1.599000000000000021e+01	-1.251754650931570234e-01
1.601999999999999957e+01	-1.003783372370217752e-01
1.605000000000000071e+01	1.998022836137877678e-02
1.607999999999999829e+01	1.756807251810464654e-01
1.610999999999999943e+01	2.385876511527902089e-01
1.614000000000000057e+01	1.228643103217723354e-01
1.616999999999999815e+01	-1.117866373226649446e-01
1.619999999999999929e+01	-2.849723695793081601e-01
1.623000000000000043e+01	-2.473401531888659854e-01
1.625999999999999801e+01	-2.309858403576395616e-02
1.628999999999999915e+01	2.045877071039939321e-01
1.632000000000000028e+01	2.591959674747821851e-01
1.634999999999999787e+01	1.249687143410136841e-01
1.637999999999999901e+01	-5.820906863785802604e-02
1.641000000000000014e+01	-1.446494664052105639e-01
1.643999999999999773e+01	-1.122765336670614872e-01
1.646999999999999886e+01	-4.618299208942656248e-02
1.650000000000000000e+01	-1.782111632620217087e-02
1.653000000000000114e+01	-8.405116463576592714e-03
1.655999999999999872e+01	3.904639598756723395e-02
1.658999999999999986e+01	1.190834054983484769e-01
1.662000000000000099e+01	1.472659450060356257e-01
1.664999999999999858e+01	5.696274572788440765e-02
1.667999999999999972e+01	-1.044437650077328639e-01
1.671000000000000085e+01	-2.030410269880194851e-01
1.673999999999999844e+01	-1.480532131642096072e-01
1.676999999999999957e+01	1.360299965021082025e-02
1.680000000000000071e+01	1.435729562409200633e-01
1.682999999999999829e+01	1.478197965930496127e-01
1.685999999999999943e+01	5.597839763415037029e-02
1.689000000000000057e+01	-2.975962004110209794e-02
1.691999999999999815e+01	-4.933045121409199152e-02
1.694999999999999929e+01	-3.177485111335594248e-02
1.698000000000000043e+01	-3.611994502004447355e-02
1.700999999999999801e+01	-6.821854182045430925e-02
1.703999999999999915e+01	-7.247193598393338043e-02
1.707000000000000028e+01	-4.891115987385325978e-03
1.709999999999999787e+01	1.040072500037060033e-01
1.712999999999999901e+01	1.669087188518662557e-01
1.716000000000000014e+01	1.196402794912566347e-01
1.718999999999999773e+01	-1.861818848489435116e-02
1.721999999999999886e+01	-1.594134448815535121e-01
1.725000000000000000e+01	-2.095194993463629363e-01
1.728000000000000114e+01	-1.321802147593605370e-01
1.730999999999999872e+01	3.306192342665451034e-02
1.733999999999999986e+01	1.911395777092182724e-01
1.737000000000000099e+01	2.403904807030618762e-01
1.739999999999999858e+01	1.363660617358277705e-01
1.742999999999999972e+01	-6.571631169827286956e-02
1.746000000000000085e+01	-2.308983845279042602e-01
1.748999999999999844e+01	-2.376304512017717863e-01
1.751999999999999957e+01	-7.956372991433384445e-02
1.755000000000000071e+01	1.203510625172643789e-01
1.757999999999999829e+01	2.099764523338217004e-01
1.760999999999999943e+01	1.398942164112917108e-01
1.764000000000000057e+01	-2.438079267763054465e-03
1.766999999999999815e+01	-8.879190182438338741e-02
1.769999999999999929e+01	-7.565300215852893695e-02
1.773000000000000043e+01	-2.857907447422848579e-02
1.775999999999999801e+01	-2.522337364451433112e-02
1.778999999999999915e+01	-5.733401570175868794e-02
1.782000000000000028e+01	-4.595280512756422936e-02
1.784999999999999787e+01	4.811725168640344080e-02
1.787999999999999901e+01	1.540650323419827938e-01
1.791000000000000014e+01	1.551981721055269992e-01
1.793999999999999773e+01	2.041909018731002251e-02
1.796999999999999886e+01	-1.452673002744216402e-01
1.800000000000000000e+01	-1.982896435811864200e-01
